    0.000000    0.000000    0.000000    0.000000    0.000000    0.000000    0.000000    0.000000    0.000000    0.000000    0.000000    0.000000    0.000000    0.000000    0.000000    0.000000    0.000000    0.000000    0.000000    0.000000    0.000000    0.000000    0.000000    0.000000    0.000000    0.000000    0.000000    0.000000    0.000000    0.000000    0.000000    0.000000    0.000000    0.000000    0.000000    0.000000    0.000000    0.000000    0.000000    0.000000    0.000000    0.000000    0.000000    0.000000    0.000000    0.000000    0.000000    0.000000    0.000000    0.000000    0.000000    0.000000    0.000000    0.000000    0.000000    0.000000    0.000000    0.000000    0.000000    0.000000    0.000000    0.000000    0.000000    0.000000    0.000000    0.000000    0.000000    0.000000
    0.000000    0.000000    0.000000    0.000000    0.000000    0.000000    0.000000    0.000000    0.000000    0.000000    0.000000    0.000000    0.000000    0.000000    0.000000    0.000000    0.000000    0.000000    0.000000    0.000000    0.000000    0.000000    0.000000    0.000000    0.000000    0.000000    0.000000    0.000000    0.000000    0.000000    0.000000    0.000000    0.000000    0.000000    0.000000    0.000000    0.000000    0.000000    0.000000    0.000000    0.000000    0.000000    0.000000    0.000000    0.000000    0.000000    0.000000    0.000000    0.000000    0.000000    0.000000    0.000000    0.000000    0.000000    0.000000    0.000000    0.000000    0.000000    0.000000    0.000000    0.000000    0.000000    0.000000    0.000000    0.000000    0.000000    0.000000    0.000000
    0.000000    0.000000   -0.000000   -0.000000   -0.000000   -0.000000   -0.000000   -0.000000   -0.000000   -0.000000   -0.000000   -0.000000   -0.000000   -0.000000   -0.000000   -0.000000   -0.000000   -0.000000   -0.000000   -0.000000   -0.000000   -0.000000   -0.000000   -0.000000   -0.000000   -0.000000   -0.000000   -0.000000   -0.000000   -0.000000   -0.000000   -0.000010   -0.000000   -0.000010   -0.000010   -0.000020   -0.000029   -0.000059   -0.000108   -0.000186   -0.000314   -0.000530   -0.000863   -0.001383   -0.002178   -0.003345   -0.005042   -0.007456   -0.010791   -0.015323   -0.021307   -0.029047   -0.038818   -0.050855   -0.065295   -0.082188   -0.101386   -0.122605   -0.145325   -0.168840   -0.192286   -0.214643   -0.234851   -0.251891   -0.264792   -0.272855    0.000000    0.000000
    0.000000    0.000000   -0.000000   -0.000000   -0.000000   -0.000000   -0.000000   -0.000000   -0.000000   -0.000000   -0.000000   -0.000000   -0.000000   -0.000000   -0.000000   -0.000000   -0.000000   -0.000000   -0.000000   -0.000000   -0.000000   -0.000000   -0.000000   -0.000000   -0.000000   -0.000000   -0.000000   -0.000000   -0.000000   -0.000000   -0.000000   -0.000010   -0.000000   -0.000020   -0.000020   -0.000039   -0.000069   -0.000137   -0.000245   -0.000422   -0.000716   -0.001207   -0.001962   -0.003139   -0.004934   -0.007573   -0.011419   -0.016863   -0.024417   -0.034649   -0.048197   -0.065707   -0.087819   -0.115042   -0.147709   -0.185919   -0.229358   -0.277348   -0.328753   -0.381952   -0.434975   -0.485556   -0.531280   -0.569804   -0.599008   -0.617255    0.000000    0.000000
    0.000000    0.000000   -0.000000   -0.000000   -0.000000   -0.000000   -0.000000   -0.000000   -0.000000   -0.000000   -0.000000   -0.000000   -0.000000   -0.000000   -0.000000   -0.000000   -0.000000   -0.000000   -0.000000   -0.000000   -0.000000   -0.000000   -0.000000   -0.000000   -0.000000   -0.000000   -0.000000   -0.000000   -0.000000   -0.000000   -0.000000   -0.000000   -0.000010   -0.000010   -0.000029   -0.000049   -0.000098   -0.000177   -0.000314   -0.000530   -0.000903   -0.001501   -0.002443   -0.003914   -0.006141   -0.009437   -0.014225   -0.021003   -0.030401   -0.043135   -0.059998   -0.081806   -0.109332   -0.143216   -0.183898   -0.231447   -0.285540   -0.345283   -0.409273   -0.475510   -0.541512   -0.604482   -0.661410   -0.709361   -0.745737   -0.768457    0.000000    0.000000
    0.000000    0.000000   -0.000000   -0.000000   -0.000000   -0.000000   -0.000000   -0.000000   -0.000000   -0.000000   -0.000000   -0.000000   -0.000000   -0.000000   -0.000000   -0.000000   -0.000000   -0.000000   -0.000000   -0.000000   -0.000000   -0.000000   -0.000000   -0.000000   -0.000000   -0.000000   -0.000000   -0.000000   -0.000000   -0.000000   -0.000010   -0.000000   -0.000010   -0.000010   -0.000029   -0.000069   -0.000118   -0.000216   -0.000373   -0.000647   -0.001099   -0.001815   -0.002972   -0.004758   -0.007446   -0.011458   -0.017256   -0.025496   -0.036905   -0.052385   -0.072859   -0.099336   -0.132749   -0.173902   -0.223295   -0.281027   -0.346705   -0.419250   -0.496935   -0.577358   -0.657515   -0.733974   -0.803096   -0.861328   -0.905492   -0.933059    0.000000    0.000000
    0.000000    0.000000   -0.000000   -0.000000   -0.000000   -0.000000   -0.000000   -0.000000   -0.000000   -0.000000   -0.000000   -0.000000   -0.000000   -0.000000   -0.000000   -0.000000   -0.000000   -0.000000   -0.000000   -0.000000   -0.000000   -0.000000   -0.000000   -0.000000   -0.000000   -0.000000   -0.000000   -0.000000   -0.000000   -0.000000   -0.000010   -0.000000   -0.000010   -0.000029   -0.000039   -0.000078   -0.000137   -0.000245   -0.000432   -0.000755   -0.001295   -0.002158   -0.003522   -0.005621   -0.008819   -0.013557   -0.020424   -0.030166   -0.043674   -0.061980   -0.086210   -0.117543   -0.157088   -0.205775   -0.264213   -0.332549   -0.410254   -0.496092   -0.588021   -0.683188   -0.778031   -0.868499   -0.950295   -1.019200   -1.071458   -1.104076    0.000000    0.000000
    0.000000    0.000000   -0.000000   -0.000000   -0.000000   -0.000000   -0.000000   -0.000000   -0.000000   -0.000000   -0.000000   -0.000000   -0.000000   -0.000000   -0.000000   -0.000000   -0.000000   -0.000000   -0.000000   -0.000000   -0.000000   -0.000000   -0.000000   -0.000000   -0.000000   -0.000000   -0.000000   -0.000000   -0.000000   -0.000000   -0.000000   -0.000010   -0.000020   -0.000029   -0.000049   -0.000088   -0.000157   -0.000284   -0.000510   -0.000873   -0.001481   -0.002482   -0.004042   -0.006475   -0.010163   -0.015618   -0.023534   -0.034757   -0.050315   -0.071387   -0.099307   -0.135398   -0.180955   -0.237039   -0.304365   -0.383081   -0.472587   -0.571482   -0.677381   -0.787007   -0.896261   -1.000473   -1.094688   -1.174061   -1.234265   -1.271857    0.000000    0.000000
    0.000000    0.000000   -0.000000   -0.000000   -0.000000   -0.000000   -0.000000   -0.000000   -0.000000   -0.000000   -0.000000   -0.000000   -0.000000   -0.000000   -0.000000   -0.000000   -0.000000   -0.000000   -0.000000   -0.000000   -0.000000   -0.000000   -0.000000   -0.000000   -0.000000   -0.000000   -0.000000   -0.000000   -0.000000   -0.000010   -0.000000   -0.000010   -0.000010   -0.000020   -0.000049   -0.000098   -0.000177   -0.000324   -0.000569   -0.000991   -0.001668   -0.002776   -0.004532   -0.007259   -0.011380   -0.017481   -0.026350   -0.038916   -0.056339   -0.079961   -0.111226   -0.151643   -0.202655   -0.265478   -0.340878   -0.429021   -0.529279   -0.640044   -0.758637   -0.881409   -1.003779   -1.120498   -1.226015   -1.314913   -1.382327   -1.424432    0.000000    0.000000
    0.000000    0.000000   -0.000000   -0.000000   -0.000000   -0.000000   -0.000000   -0.000000   -0.000000   -0.000000   -0.000000   -0.000000   -0.000000   -0.000000   -0.000000   -0.000000   -0.000000   -0.000000   -0.000000   -0.000000   -0.000000   -0.000000   -0.000000   -0.000000   -0.000000   -0.000000   -0.000000   -0.000000   -0.000000   -0.000010   -0.000000   -0.000010   -0.000010   -0.000029   -0.000059   -0.000098   -0.000196   -0.000343   -0.000618   -0.001069   -0.001815   -0.003021   -0.004934   -0.007877   -0.012361   -0.019002   -0.028645   -0.042301   -0.061244   -0.086917   -0.120889   -0.164828   -0.220284   -0.288561   -0.370514   -0.466328   -0.575307   -0.695686   -0.824599   -0.958045   -1.091049   -1.217921   -1.332620   -1.429248   -1.502519   -1.548283    0.000000    0.000000
    0.000000    0.000000   -0.000000   -0.000000   -0.000000   -0.000000   -0.000000   -0.000000   -0.000000   -0.000000   -0.000000   -0.000000   -0.000000   -0.000000   -0.000000   -0.000000   -0.000000   -0.000000   -0.000000   -0.000000   -0.000000   -0.000000   -0.000000   -0.000000   -0.000000   -0.000000   -0.000000   -0.000000   -0.000000   -0.000000   -0.000000   -0.000010   -0.000020   -0.000029   -0.000059   -0.000108   -0.000206   -0.000363   -0.000647   -0.001118   -0.001903   -0.003178   -0.005180   -0.008299   -0.013008   -0.020012   -0.030146   -0.044528   -0.064462   -0.091459   -0.127226   -0.173460   -0.231830   -0.303688   -0.389938   -0.490785   -0.605463   -0.732150   -0.867822   -1.008262   -1.148241   -1.281755   -1.402467   -1.504148   -1.581274   -1.629431    0.000000    0.000000
    0.000000    0.000000   -0.000000   -0.000000   -0.000000   -0.000000   -0.000000   -0.000000   -0.000000   -0.000000   -0.000000   -0.000000   -0.000000   -0.000000   -0.000000   -0.000000   -0.000000   -0.000000   -0.000000   -0.000000   -0.000000   -0.000000   -0.000000   -0.000000   -0.000000   -0.000000   -0.000000   -0.000000   -0.000000   -0.000000   -0.000010   -0.000000   -0.000020   -0.000029   -0.000059   -0.000118   -0.000206   -0.000373   -0.000657   -0.001138   -0.001942   -0.003227   -0.005258   -0.008437   -0.013224   -0.020317   -0.030607   -0.045214   -0.065462   -0.092891   -0.129217   -0.176178   -0.235440   -0.308417   -0.396020   -0.498427   -0.614901   -0.743569   -0.881350   -1.023987   -1.166144   -1.301738   -1.424334   -1.527603   -1.605926   -1.654829    0.000000    0.000000
    0.000000    0.000000   -0.000000   -0.000000   -0.000000   -0.000000   -0.000000   -0.000000   -0.000000   -0.000000   -0.000000   -0.000000   -0.000000   -0.000000   -0.000000   -0.000000   -0.000000   -0.000000   -0.000000   -0.000000   -0.000000   -0.000000   -0.000000   -0.000000   -0.000000   -0.000000   -0.000000   -0.000000   -0.000000   -0.000000   -0.000010   -0.000010   -0.000010   -0.000039   -0.000059   -0.000108   -0.000196   -0.000363   -0.000647   -0.001109   -0.001893   -0.003139   -0.005140   -0.008221   -0.012890   -0.019806   -0.029852   -0.044096   -0.063843   -0.090605   -0.126019   -0.171822   -0.229623   -0.300794   -0.386239   -0.486105   -0.599705   -0.725194   -0.859582   -0.998687   -1.137332   -1.269581   -1.389135   -1.489864   -1.566255   -1.613951    0.000000    0.000000
    0.000000    0.000000   -0.000000   -0.000000   -0.000000   -0.000000   -0.000000   -0.000000   -0.000000   -0.000000   -0.000000   -0.000000   -0.000000   -0.000000   -0.000000   -0.000000   -0.000000   -0.000000   -0.000000   -0.000000   -0.000000   -0.000000   -0.000000   -0.000000   -0.000000   -0.000000   -0.000000   -0.000000   -0.000000   -0.000000   -0.000000   -0.000010   -0.000010   -0.000029   -0.000049   -0.000098   -0.000186   -0.000343   -0.000589   -0.001030   -0.001756   -0.002923   -0.004777   -0.007632   -0.011978   -0.018423   -0.027762   -0.040996   -0.059341   -0.084219   -0.117141   -0.159707   -0.213446   -0.279605   -0.359026   -0.451868   -0.557453   -0.674104   -0.799025   -0.928330   -1.057214   -1.180133   -1.291271   -1.384907   -1.455912   -1.500253    0.000000    0.000000
    0.000000    0.000000   -0.000000   -0.000000   -0.000000   -0.000000   -0.000000   -0.000000   -0.000000   -0.000000   -0.000000   -0.000000   -0.000000   -0.000000   -0.000000   -0.000000   -0.000000   -0.000000   -0.000000   -0.000000   -0.000000   -0.000000   -0.000000   -0.000000   -0.000000   -0.000000   -0.000000   -0.000000   -0.000000   -0.000000   -0.000000   -0.000000   -0.000020   -0.000020   -0.000049   -0.000088   -0.000167   -0.000294   -0.000520   -0.000912   -0.001530   -0.002560   -0.004179   -0.006681   -0.010487   -0.016118   -0.024280   -0.035865   -0.051915   -0.073673   -0.102475   -0.139724   -0.186724   -0.244603   -0.314077   -0.395304   -0.487665   -0.589718   -0.698992   -0.812111   -0.924857   -1.032395   -1.129631   -1.211535   -1.273642   -1.312431    0.000000    0.000000
    0.000000    0.000000   -0.000000   -0.000000   -0.000000   -0.000000   -0.000000   -0.000000   -0.000000   -0.000000   -0.000000   -0.000000   -0.000000   -0.000000   -0.000000   -0.000000   -0.000000   -0.000000   -0.000000   -0.000000   -0.000000   -0.000000   -0.000000   -0.000000   -0.000000   -0.000000   -0.000000   -0.000000   -0.000010   -0.000000   -0.000000   -0.000010   -0.000010   -0.000020   -0.000039   -0.000069   -0.000137   -0.000235   -0.000422   -0.000736   -0.001236   -0.002060   -0.003365   -0.005376   -0.008427   -0.012959   -0.019512   -0.028832   -0.041742   -0.059233   -0.082394   -0.112334   -0.150122   -0.196661   -0.252519   -0.317824   -0.392096   -0.474137   -0.561995   -0.652944   -0.743588   -0.830063   -0.908229   -0.974074   -1.024017   -1.055203    0.000000    0.000000
    0.000000    0.000000   -0.000000   -0.000000   -0.000000   -0.000000   -0.000000   -0.000000   -0.000000   -0.000000   -0.000000   -0.000000   -0.000000   -0.000000   -0.000000   -0.000000   -0.000000   -0.000000   -0.000000   -0.000000   -0.000000   -0.000000   -0.000000   -0.000000   -0.000000   -0.000000   -0.000000   -0.000000   -0.000010   -0.000000   -0.000000   -0.000010   -0.000000   -0.000010   -0.000020   -0.000049   -0.000088   -0.000167   -0.000294   -0.000510   -0.000873   -0.001442   -0.002354   -0.003767   -0.005896   -0.009074   -0.013675   -0.020199   -0.029244   -0.041496   -0.057732   -0.078696   -0.105183   -0.137791   -0.176914   -0.222667   -0.274709   -0.332186   -0.393744   -0.457470   -0.520970   -0.581556   -0.636316   -0.682452   -0.717445   -0.739301    0.000000    0.000000
    0.000000    0.000000   -0.000000   -0.000000   -0.000000   -0.000000   -0.000000   -0.000000   -0.000000   -0.000000   -0.000000   -0.000000   -0.000000   -0.000000   -0.000000   -0.000000   -0.000000   -0.000000   -0.000000   -0.000000   -0.000000   -0.000000   -0.000000   -0.000000   -0.000000   -0.000000   -0.000000   -0.000000   -0.000000   -0.000000   -0.000000   -0.000000   -0.000010   -0.000010   -0.000020   -0.000029   -0.000039   -0.000088   -0.000157   -0.000255   -0.000441   -0.000736   -0.001207   -0.001942   -0.003041   -0.004670   -0.007053   -0.010408   -0.015068   -0.021376   -0.029734   -0.040545   -0.054181   -0.070985   -0.091135   -0.114699   -0.141499   -0.171116   -0.202822   -0.235646   -0.268362   -0.299568   -0.327782   -0.351551   -0.369572   -0.380834    0.000000    0.000000
    0.000000    0.000000    0.000000    0.000000    0.000000    0.000000    0.000000    0.000000    0.000000    0.000000    0.000000    0.000000    0.000000    0.000000    0.000000    0.000000    0.000000    0.000000    0.000000    0.000000    0.000000    0.000000    0.000000    0.000000    0.000000    0.000000    0.000000    0.000000    0.000000    0.000000    0.000000    0.000000    0.000000    0.000000    0.000000    0.000000    0.000000    0.000000    0.000000    0.000000    0.000000    0.000000    0.000000    0.000000    0.000000    0.000000    0.000000    0.000000    0.000000    0.000000    0.000000    0.000000    0.000000    0.000000    0.000000    0.000000    0.000000    0.000000    0.000000    0.000000    0.000000    0.000000    0.000000    0.000000    0.000000    0.000000    0.000000    0.000000
    0.000000    0.000000    0.000000    0.000000    0.000000    0.000000    0.000000    0.000000    0.000000    0.000000    0.000000    0.000000    0.000000    0.000000    0.000000    0.000000    0.000000    0.000000    0.000000    0.000000    0.000000    0.000000    0.000000    0.000000    0.000000    0.000000    0.000000    0.000000    0.000000    0.000000    0.000000    0.000000    0.000000    0.000000    0.000000    0.000000    0.000000    0.000000    0.000000    0.000000    0.000000    0.000000    0.000000    0.000000    0.000000    0.000000    0.000000    0.000000    0.000000    0.000000    0.000000    0.000000    0.000000    0.000000    0.000000    0.000000    0.000000    0.000000    0.000000    0.000000    0.000000    0.000000    0.000000    0.000000    0.000000    0.000000    0.000000    0.000000
    0.000000    0.000000    0.000000    0.000000    0.000000    0.000000    0.000000    0.000000    0.000000    0.000000    0.000000    0.000000    0.000000    0.000000    0.000000    0.000000    0.000000    0.000000    0.000000    0.000000    0.000000    0.000000    0.000000    0.000000    0.000000    0.000000    0.000000    0.000000    0.000000    0.000000    0.000000    0.000000    0.000000    0.000000    0.000000    0.000000    0.000000    0.000000    0.000000    0.000000    0.000000    0.000000    0.000000    0.000000    0.000000    0.000000    0.000000    0.000000    0.000000    0.000000    0.000000    0.000000    0.000000    0.000000    0.000000    0.000000    0.000000    0.000000    0.000000    0.000000    0.000000    0.000000    0.000000    0.000000    0.000000    0.000000    0.000000    0.000000
    0.000000    0.000000    0.000000    0.000000    0.000000    0.000000    0.000000    0.000000    0.000000    0.000000    0.000000    0.000000    0.000000    0.000000    0.000000    0.000000    0.000000    0.000000    0.000000    0.000000    0.000000    0.000000    0.000000    0.000000    0.000000    0.000000    0.000000    0.000000    0.000000    0.000000    0.000000    0.000000    0.000000    0.000000    0.000000    0.000000    0.000000    0.000000    0.000000    0.000000    0.000000    0.000000    0.000000    0.000000    0.000000    0.000000    0.000000    0.000000    0.000000    0.000000    0.000000    0.000000    0.000000    0.000000    0.000000    0.000000    0.000000    0.000000    0.000000    0.000000    0.000000    0.000000    0.000000    0.000000    0.000000    0.000000    0.000000    0.000000
    0.000000    0.000000   -0.000000   -0.000000   -0.000000   -0.000000   -0.000000   -0.000000   -0.000000   -0.000000   -0.000000   -0.000000   -0.000000   -0.000000   -0.000000   -0.000000   -0.000000   -0.000000   -0.000000   -0.000000   -0.000000   -0.000000   -0.000000   -0.000000   -0.000000   -0.000000   -0.000000   -0.000000   -0.000000   -0.000000   -0.000000   -0.000010   -0.000000   -0.000010   -0.000010   -0.000020   -0.000029   -0.000059   -0.000108   -0.000186   -0.000314   -0.000530   -0.000863   -0.001383   -0.002178   -0.003345   -0.005042   -0.007456   -0.010791   -0.015323   -0.021307   -0.029047   -0.038818   -0.050855   -0.065295   -0.082188   -0.101386   -0.122605   -0.145325   -0.168840   -0.192286   -0.214643   -0.234851   -0.251891   -0.264792   -0.272855    0.000000    0.000000
    0.000000    0.000000   -0.000000   -0.000000   -0.000000   -0.000000   -0.000000   -0.000000   -0.000000   -0.000000   -0.000000   -0.000000   -0.000000   -0.000000   -0.000000   -0.000000   -0.000000   -0.000000   -0.000000   -0.000000   -0.000000   -0.000000   -0.000000   -0.000000   -0.000000   -0.000000   -0.000000   -0.000000   -0.000000   -0.000000   -0.000000   -0.000010   -0.000000   -0.000020   -0.000020   -0.000039   -0.000069   -0.000137   -0.000245   -0.000422   -0.000716   -0.001207   -0.001962   -0.003139   -0.004934   -0.007573   -0.011419   -0.016863   -0.024417   -0.034649   -0.048197   -0.065707   -0.087819   -0.115042   -0.147709   -0.185919   -0.229358   -0.277348   -0.328753   -0.381952   -0.434975   -0.485556   -0.531280   -0.569804   -0.599008   -0.617255    0.000000    0.000000
    0.000000    0.000000   -0.000000   -0.000000   -0.000000   -0.000000   -0.000000   -0.000000   -0.000000   -0.000000   -0.000000   -0.000000   -0.000000   -0.000000   -0.000000   -0.000000   -0.000000   -0.000000   -0.000000   -0.000000   -0.000000   -0.000000   -0.000000   -0.000000   -0.000000   -0.000000   -0.000000   -0.000000   -0.000000   -0.000000   -0.000000   -0.000000   -0.000010   -0.000010   -0.000029   -0.000049   -0.000098   -0.000177   -0.000314   -0.000530   -0.000903   -0.001501   -0.002443   -0.003914   -0.006141   -0.009437   -0.014225   -0.021003   -0.030401   -0.043135   -0.059998   -0.081806   -0.109332   -0.143216   -0.183898   -0.231447   -0.285540   -0.345283   -0.409273   -0.475510   -0.541512   -0.604482   -0.661410   -0.709361   -0.745737   -0.768457    0.000000    0.000000
    0.000000    0.000000   -0.000000   -0.000000   -0.000000   -0.000000   -0.000000   -0.000000   -0.000000   -0.000000   -0.000000   -0.000000   -0.000000   -0.000000   -0.000000   -0.000000   -0.000000   -0.000000   -0.000000   -0.000000   -0.000000   -0.000000   -0.000000   -0.000000   -0.000000   -0.000000   -0.000000   -0.000000   -0.000000   -0.000000   -0.000010   -0.000000   -0.000010   -0.000010   -0.000029   -0.000069   -0.000118   -0.000216   -0.000373   -0.000647   -0.001099   -0.001815   -0.002972   -0.004758   -0.007446   -0.011458   -0.017256   -0.025496   -0.036905   -0.052385   -0.072859   -0.099336   -0.132749   -0.173902   -0.223295   -0.281027   -0.346705   -0.419250   -0.496935   -0.577358   -0.657515   -0.733974   -0.803096   -0.861328   -0.905492   -0.933059    0.000000    0.000000
    0.000000    0.000000   -0.000000   -0.000000   -0.000000   -0.000000   -0.000000   -0.000000   -0.000000   -0.000000   -0.000000   -0.000000   -0.000000   -0.000000   -0.000000   -0.000000   -0.000000   -0.000000   -0.000000   -0.000000   -0.000000   -0.000000   -0.000000   -0.000000   -0.000000   -0.000000   -0.000000   -0.000000   -0.000000   -0.000000   -0.000010   -0.000000   -0.000010   -0.000029   -0.000039   -0.000078   -0.000137   -0.000245   -0.000432   -0.000755   -0.001295   -0.002158   -0.003522   -0.005621   -0.008819   -0.013557   -0.020424   -0.030166   -0.043674   -0.061980   -0.086210   -0.117543   -0.157088   -0.205775   -0.264213   -0.332549   -0.410254   -0.496092   -0.588021   -0.683188   -0.778031   -0.868499   -0.950295   -1.019200   -1.071458   -1.104076    0.000000    0.000000
    0.000000    0.000000   -0.000000   -0.000000   -0.000000   -0.000000   -0.000000   -0.000000   -0.000000   -0.000000   -0.000000   -0.000000   -0.000000   -0.000000   -0.000000   -0.000000   -0.000000   -0.000000   -0.000000   -0.000000   -0.000000   -0.000000   -0.000000   -0.000000   -0.000000   -0.000000   -0.000000   -0.000000   -0.000000   -0.000000   -0.000000   -0.000010   -0.000020   -0.000029   -0.000049   -0.000088   -0.000157   -0.000284   -0.000510   -0.000873   -0.001481   -0.002482   -0.004042   -0.006475   -0.010163   -0.015618   -0.023534   -0.034757   -0.050315   -0.071387   -0.099307   -0.135398   -0.180955   -0.237039   -0.304365   -0.383081   -0.472587   -0.571482   -0.677381   -0.787007   -0.896261   -1.000473   -1.094688   -1.174061   -1.234265   -1.271857    0.000000    0.000000
    0.000000    0.000000   -0.000000   -0.000000   -0.000000   -0.000000   -0.000000   -0.000000   -0.000000   -0.000000   -0.000000   -0.000000   -0.000000   -0.000000   -0.000000   -0.000000   -0.000000   -0.000000   -0.000000   -0.000000   -0.000000   -0.000000   -0.000000   -0.000000   -0.000000   -0.000000   -0.000000   -0.000000   -0.000000   -0.000010   -0.000000   -0.000010   -0.000010   -0.000020   -0.000049   -0.000098   -0.000177   -0.000324   -0.000569   -0.000991   -0.001668   -0.002776   -0.004532   -0.007259   -0.011380   -0.017481   -0.026350   -0.038916   -0.056339   -0.079961   -0.111226   -0.151643   -0.202655   -0.265478   -0.340878   -0.429021   -0.529279   -0.640044   -0.758637   -0.881409   -1.003779   -1.120498   -1.226015   -1.314913   -1.382327   -1.424432    0.000000    0.000000
    0.000000    0.000000   -0.000000   -0.000000   -0.000000   -0.000000   -0.000000   -0.000000   -0.000000   -0.000000   -0.000000   -0.000000   -0.000000   -0.000000   -0.000000   -0.000000   -0.000000   -0.000000   -0.000000   -0.000000   -0.000000   -0.000000   -0.000000   -0.000000   -0.000000   -0.000000   -0.000000   -0.000000   -0.000000   -0.000010   -0.000000   -0.000010   -0.000010   -0.000029   -0.000059   -0.000098   -0.000196   -0.000343   -0.000618   -0.001069   -0.001815   -0.003021   -0.004934   -0.007877   -0.012361   -0.019002   -0.028645   -0.042301   -0.061244   -0.086917   -0.120889   -0.164828   -0.220284   -0.288561   -0.370514   -0.466328   -0.575307   -0.695686   -0.824599   -0.958045   -1.091049   -1.217921   -1.332620   -1.429248   -1.502519   -1.548283    0.000000    0.000000
    0.000000    0.000000   -0.000000   -0.000000   -0.000000   -0.000000   -0.000000   -0.000000   -0.000000   -0.000000   -0.000000   -0.000000   -0.000000   -0.000000   -0.000000   -0.000000   -0.000000   -0.000000   -0.000000   -0.000000   -0.000000   -0.000000   -0.000000   -0.000000   -0.000000   -0.000000   -0.000000   -0.000000   -0.000000   -0.000000   -0.000000   -0.000010   -0.000020   -0.000029   -0.000059   -0.000108   -0.000206   -0.000363   -0.000647   -0.001118   -0.001903   -0.003178   -0.005180   -0.008299   -0.013008   -0.020012   -0.030146   -0.044528   -0.064462   -0.091459   -0.127226   -0.173460   -0.231830   -0.303688   -0.389938   -0.490785   -0.605463   -0.732150   -0.867822   -1.008262   -1.148241   -1.281755   -1.402467   -1.504148   -1.581274   -1.629431    0.000000    0.000000
    0.000000    0.000000   -0.000000   -0.000000   -0.000000   -0.000000   -0.000000   -0.000000   -0.000000   -0.000000   -0.000000   -0.000000   -0.000000   -0.000000   -0.000000   -0.000000   -0.000000   -0.000000   -0.000000   -0.000000   -0.000000   -0.000000   -0.000000   -0.000000   -0.000000   -0.000000   -0.000000   -0.000000   -0.000000   -0.000000   -0.000010   -0.000000   -0.000020   -0.000029   -0.000059   -0.000118   -0.000206   -0.000373   -0.000657   -0.001138   -0.001942   -0.003227   -0.005258   -0.008437   -0.013224   -0.020317   -0.030607   -0.045214   -0.065462   -0.092891   -0.129217   -0.176178   -0.235440   -0.308417   -0.396020   -0.498427   -0.614901   -0.743569   -0.881350   -1.023987   -1.166144   -1.301738   -1.424334   -1.527603   -1.605926   -1.654829    0.000000    0.000000
    0.000000    0.000000   -0.000000   -0.000000   -0.000000   -0.000000   -0.000000   -0.000000   -0.000000   -0.000000   -0.000000   -0.000000   -0.000000   -0.000000   -0.000000   -0.000000   -0.000000   -0.000000   -0.000000   -0.000000   -0.000000   -0.000000   -0.000000   -0.000000   -0.000000   -0.000000   -0.000000   -0.000000   -0.000000   -0.000000   -0.000010   -0.000010   -0.000010   -0.000039   -0.000059   -0.000108   -0.000196   -0.000363   -0.000647   -0.001109   -0.001893   -0.003139   -0.005140   -0.008221   -0.012890   -0.019806   -0.029852   -0.044096   -0.063843   -0.090605   -0.126019   -0.171822   -0.229623   -0.300794   -0.386239   -0.486105   -0.599705   -0.725194   -0.859582   -0.998687   -1.137332   -1.269581   -1.389135   -1.489864   -1.566255   -1.613951    0.000000    0.000000
    0.000000    0.000000   -0.000000   -0.000000   -0.000000   -0.000000   -0.000000   -0.000000   -0.000000   -0.000000   -0.000000   -0.000000   -0.000000   -0.000000   -0.000000   -0.000000   -0.000000   -0.000000   -0.000000   -0.000000   -0.000000   -0.000000   -0.000000   -0.000000   -0.000000   -0.000000   -0.000000   -0.000000   -0.000000   -0.000000   -0.000000   -0.000010   -0.000010   -0.000029   -0.000049   -0.000098   -0.000186   -0.000343   -0.000589   -0.001030   -0.001756   -0.002923   -0.004777   -0.007632   -0.011978   -0.018423   -0.027762   -0.040996   -0.059341   -0.084219   -0.117141   -0.159707   -0.213446   -0.279605   -0.359026   -0.451868   -0.557453   -0.674104   -0.799025   -0.928330   -1.057214   -1.180133   -1.291271   -1.384907   -1.455912   -1.500253    0.000000    0.000000
    0.000000    0.000000   -0.000000   -0.000000   -0.000000   -0.000000   -0.000000   -0.000000   -0.000000   -0.000000   -0.000000   -0.000000   -0.000000   -0.000000   -0.000000   -0.000000   -0.000000   -0.000000   -0.000000   -0.000000   -0.000000   -0.000000   -0.000000   -0.000000   -0.000000   -0.000000   -0.000000   -0.000000   -0.000000   -0.000000   -0.000000   -0.000000   -0.000020   -0.000020   -0.000049   -0.000088   -0.000167   -0.000294   -0.000520   -0.000912   -0.001530   -0.002560   -0.004179   -0.006681   -0.010487   -0.016118   -0.024280   -0.035865   -0.051915   -0.073673   -0.102475   -0.139724   -0.186724   -0.244603   -0.314077   -0.395304   -0.487665   -0.589718   -0.698992   -0.812111   -0.924857   -1.032395   -1.129631   -1.211535   -1.273642   -1.312431    0.000000    0.000000
    0.000000    0.000000   -0.000000   -0.000000   -0.000000   -0.000000   -0.000000   -0.000000   -0.000000   -0.000000   -0.000000   -0.000000   -0.000000   -0.000000   -0.000000   -0.000000   -0.000000   -0.000000   -0.000000   -0.000000   -0.000000   -0.000000   -0.000000   -0.000000   -0.000000   -0.000000   -0.000000   -0.000000   -0.000010   -0.000000   -0.000000   -0.000010   -0.000010   -0.000020   -0.000039   -0.000069   -0.000137   -0.000235   -0.000422   -0.000736   -0.001236   -0.002060   -0.003365   -0.005376   -0.008427   -0.012959   -0.019512   -0.028832   -0.041742   -0.059233   -0.082394   -0.112334   -0.150122   -0.196661   -0.252519   -0.317824   -0.392096   -0.474137   -0.561995   -0.652944   -0.743588   -0.830063   -0.908229   -0.974074   -1.024017   -1.055203    0.000000    0.000000
    0.000000    0.000000   -0.000000   -0.000000   -0.000000   -0.000000   -0.000000   -0.000000   -0.000000   -0.000000   -0.000000   -0.000000   -0.000000   -0.000000   -0.000000   -0.000000   -0.000000   -0.000000   -0.000000   -0.000000   -0.000000   -0.000000   -0.000000   -0.000000   -0.000000   -0.000000   -0.000000   -0.000000   -0.000010   -0.000000   -0.000000   -0.000010   -0.000000   -0.000010   -0.000020   -0.000049   -0.000088   -0.000167   -0.000294   -0.000510   -0.000873   -0.001442   -0.002354   -0.003767   -0.005896   -0.009074   -0.013675   -0.020199   -0.029244   -0.041496   -0.057732   -0.078696   -0.105183   -0.137791   -0.176914   -0.222667   -0.274709   -0.332186   -0.393744   -0.457470   -0.520970   -0.581556   -0.636316   -0.682452   -0.717445   -0.739301    0.000000    0.000000
    0.000000    0.000000   -0.000000   -0.000000   -0.000000   -0.000000   -0.000000   -0.000000   -0.000000   -0.000000   -0.000000   -0.000000   -0.000000   -0.000000   -0.000000   -0.000000   -0.000000   -0.000000   -0.000000   -0.000000   -0.000000   -0.000000   -0.000000   -0.000000   -0.000000   -0.000000   -0.000000   -0.000000   -0.000000   -0.000000   -0.000000   -0.000000   -0.000010   -0.000010   -0.000020   -0.000029   -0.000039   -0.000088   -0.000157   -0.000255   -0.000441   -0.000736   -0.001207   -0.001942   -0.003041   -0.004670   -0.007053   -0.010408   -0.015068   -0.021376   -0.029734   -0.040545   -0.054181   -0.070985   -0.091135   -0.114699   -0.141499   -0.171116   -0.202822   -0.235646   -0.268362   -0.299568   -0.327782   -0.351551   -0.369572   -0.380834    0.000000    0.000000
    0.000000    0.000000    0.000000    0.000000    0.000000    0.000000    0.000000    0.000000    0.000000    0.000000    0.000000    0.000000    0.000000    0.000000    0.000000    0.000000    0.000000    0.000000    0.000000    0.000000    0.000000    0.000000    0.000000    0.000000    0.000000    0.000000    0.000000    0.000000    0.000000    0.000000    0.000000    0.000000    0.000000    0.000000    0.000000    0.000000    0.000000    0.000000    0.000000    0.000000    0.000000    0.000000    0.000000    0.000000    0.000000    0.000000    0.000000    0.000000    0.000000    0.000000    0.000000    0.000000    0.000000    0.000000    0.000000    0.000000    0.000000    0.000000    0.000000    0.000000    0.000000    0.000000    0.000000    0.000000    0.000000    0.000000    0.000000    0.000000
    0.000000    0.000000    0.000000    0.000000    0.000000    0.000000    0.000000    0.000000    0.000000    0.000000    0.000000    0.000000    0.000000    0.000000    0.000000    0.000000    0.000000    0.000000    0.000000    0.000000    0.000000    0.000000    0.000000    0.000000    0.000000    0.000000    0.000000    0.000000    0.000000    0.000000    0.000000    0.000000    0.000000    0.000000    0.000000    0.000000    0.000000    0.000000    0.000000    0.000000    0.000000    0.000000    0.000000    0.000000    0.000000    0.000000    0.000000    0.000000    0.000000    0.000000    0.000000    0.000000    0.000000    0.000000    0.000000    0.000000    0.000000    0.000000    0.000000    0.000000    0.000000    0.000000    0.000000    0.000000    0.000000    0.000000    0.000000    0.000000
    0.000000    0.000000    0.000000    0.000000    0.000000    0.000000    0.000000    0.000000    0.000000    0.000000    0.000000    0.000000    0.000000    0.000000    0.000000    0.000000    0.000000    0.000000    0.000000    0.000000    0.000000    0.000000    0.000000    0.000000    0.000000    0.000000    0.000000    0.000000    0.000000    0.000000    0.000000    0.000000    0.000000    0.000000    0.000000    0.000000    0.000000    0.000000    0.000000    0.000000    0.000000    0.000000    0.000000    0.000000    0.000000    0.000000    0.000000    0.000000    0.000000    0.000000    0.000000    0.000000    0.000000    0.000000    0.000000    0.000000    0.000000    0.000000    0.000000    0.000000    0.000000    0.000000    0.000000    0.000000    0.000000    0.000000    0.000000    0.000000
    0.000000    0.000000    0.000000    0.000000    0.000000    0.000000    0.000000    0.000000    0.000000    0.000000    0.000000    0.000000    0.000000    0.000000    0.000000    0.000000    0.000000    0.000000    0.000000    0.000000    0.000000    0.000000    0.000000    0.000000    0.000000    0.000000    0.000000    0.000000    0.000000    0.000000    0.000000    0.000000    0.000000    0.000000    0.000000    0.000000    0.000000    0.000000    0.000000    0.000000    0.000000    0.000000    0.000000    0.000000    0.000000    0.000000    0.000000    0.000000    0.000000    0.000000    0.000000    0.000000    0.000000    0.000000    0.000000    0.000000    0.000000    0.000000    0.000000    0.000000    0.000000    0.000000    0.000000    0.000000    0.000000    0.000000    0.000000    0.000000
    0.000000    0.000000   -0.000000   -0.000000   -0.000000   -0.000000   -0.000000   -0.000000   -0.000000   -0.000000   -0.000000   -0.000000   -0.000000   -0.000000   -0.000000   -0.000000   -0.000000   -0.000000   -0.000000   -0.000000   -0.000000   -0.000000   -0.000000   -0.000000   -0.000000   -0.000000   -0.000000   -0.000000   -0.000000   -0.000000   -0.000000   -0.000010   -0.000000   -0.000010   -0.000010   -0.000020   -0.000029   -0.000059   -0.000108   -0.000186   -0.000314   -0.000530   -0.000863   -0.001383   -0.002178   -0.003345   -0.005042   -0.007456   -0.010791   -0.015323   -0.021307   -0.029047   -0.038818   -0.050855   -0.065295   -0.082188   -0.101386   -0.122605   -0.145325   -0.168840   -0.192286   -0.214643   -0.234851   -0.251891   -0.264792   -0.272855    0.000000    0.000000
    0.000000    0.000000   -0.000000   -0.000000   -0.000000   -0.000000   -0.000000   -0.000000   -0.000000   -0.000000   -0.000000   -0.000000   -0.000000   -0.000000   -0.000000   -0.000000   -0.000000   -0.000000   -0.000000   -0.000000   -0.000000   -0.000000   -0.000000   -0.000000   -0.000000   -0.000000   -0.000000   -0.000000   -0.000000   -0.000000   -0.000000   -0.000010   -0.000000   -0.000020   -0.000020   -0.000039   -0.000069   -0.000137   -0.000245   -0.000422   -0.000716   -0.001207   -0.001962   -0.003139   -0.004934   -0.007573   -0.011419   -0.016863   -0.024417   -0.034649   -0.048197   -0.065707   -0.087819   -0.115042   -0.147709   -0.185919   -0.229358   -0.277348   -0.328753   -0.381952   -0.434975   -0.485556   -0.531280   -0.569804   -0.599008   -0.617255    0.000000    0.000000
    0.000000    0.000000   -0.000000   -0.000000   -0.000000   -0.000000   -0.000000   -0.000000   -0.000000   -0.000000   -0.000000   -0.000000   -0.000000   -0.000000   -0.000000   -0.000000   -0.000000   -0.000000   -0.000000   -0.000000   -0.000000   -0.000000   -0.000000   -0.000000   -0.000000   -0.000000   -0.000000   -0.000000   -0.000000   -0.000000   -0.000000   -0.000000   -0.000010   -0.000010   -0.000029   -0.000049   -0.000098   -0.000177   -0.000314   -0.000530   -0.000903   -0.001501   -0.002443   -0.003914   -0.006141   -0.009437   -0.014225   -0.021003   -0.030401   -0.043135   -0.059998   -0.081806   -0.109332   -0.143216   -0.183898   -0.231447   -0.285540   -0.345283   -0.409273   -0.475510   -0.541512   -0.604482   -0.661410   -0.709361   -0.745737   -0.768457    0.000000    0.000000
    0.000000    0.000000   -0.000000   -0.000000   -0.000000   -0.000000   -0.000000   -0.000000   -0.000000   -0.000000   -0.000000   -0.000000   -0.000000   -0.000000   -0.000000   -0.000000   -0.000000   -0.000000   -0.000000   -0.000000   -0.000000   -0.000000   -0.000000   -0.000000   -0.000000   -0.000000   -0.000000   -0.000000   -0.000000   -0.000000   -0.000010   -0.000000   -0.000010   -0.000010   -0.000029   -0.000069   -0.000118   -0.000216   -0.000373   -0.000647   -0.001099   -0.001815   -0.002972   -0.004758   -0.007446   -0.011458   -0.017256   -0.025496   -0.036905   -0.052385   -0.072859   -0.099336   -0.132749   -0.173902   -0.223295   -0.281027   -0.346705   -0.419250   -0.496935   -0.577358   -0.657515   -0.733974   -0.803096   -0.861328   -0.905492   -0.933059    0.000000    0.000000
    0.000000    0.000000   -0.000000   -0.000000   -0.000000   -0.000000   -0.000000   -0.000000   -0.000000   -0.000000   -0.000000   -0.000000   -0.000000   -0.000000   -0.000000   -0.000000   -0.000000   -0.000000   -0.000000   -0.000000   -0.000000   -0.000000   -0.000000   -0.000000   -0.000000   -0.000000   -0.000000   -0.000000   -0.000000   -0.000000   -0.000010   -0.000000   -0.000010   -0.000029   -0.000039   -0.000078   -0.000137   -0.000245   -0.000432   -0.000755   -0.001295   -0.002158   -0.003522   -0.005621   -0.008819   -0.013557   -0.020424   -0.030166   -0.043674   -0.061980   -0.086210   -0.117543   -0.157088   -0.205775   -0.264213   -0.332549   -0.410254   -0.496092   -0.588021   -0.683188   -0.778031   -0.868499   -0.950295   -1.019200   -1.071458   -1.104076    0.000000    0.000000
    0.000000    0.000000   -0.000000   -0.000000   -0.000000   -0.000000   -0.000000   -0.000000   -0.000000   -0.000000   -0.000000   -0.000000   -0.000000   -0.000000   -0.000000   -0.000000   -0.000000   -0.000000   -0.000000   -0.000000   -0.000000   -0.000000   -0.000000   -0.000000   -0.000000   -0.000000   -0.000000   -0.000000   -0.000000   -0.000000   -0.000000   -0.000010   -0.000020   -0.000029   -0.000049   -0.000088   -0.000157   -0.000284   -0.000510   -0.000873   -0.001481   -0.002482   -0.004042   -0.006475   -0.010163   -0.015618   -0.023534   -0.034757   -0.050315   -0.071387   -0.099307   -0.135398   -0.180955   -0.237039   -0.304365   -0.383081   -0.472587   -0.571482   -0.677381   -0.787007   -0.896261   -1.000473   -1.094688   -1.174061   -1.234265   -1.271857    0.000000    0.000000
    0.000000    0.000000   -0.000000   -0.000000   -0.000000   -0.000000   -0.000000   -0.000000   -0.000000   -0.000000   -0.000000   -0.000000   -0.000000   -0.000000   -0.000000   -0.000000   -0.000000   -0.000000   -0.000000   -0.000000   -0.000000   -0.000000   -0.000000   -0.000000   -0.000000   -0.000000   -0.000000   -0.000000   -0.000000   -0.000010   -0.000000   -0.000010   -0.000010   -0.000020   -0.000049   -0.000098   -0.000177   -0.000324   -0.000569   -0.000991   -0.001668   -0.002776   -0.004532   -0.007259   -0.011380   -0.017481   -0.026350   -0.038916   -0.056339   -0.079961   -0.111226   -0.151643   -0.202655   -0.265478   -0.340878   -0.429021   -0.529279   -0.640044   -0.758637   -0.881409   -1.003779   -1.120498   -1.226015   -1.314913   -1.382327   -1.424432    0.000000    0.000000
    0.000000    0.000000   -0.000000   -0.000000   -0.000000   -0.000000   -0.000000   -0.000000   -0.000000   -0.000000   -0.000000   -0.000000   -0.000000   -0.000000   -0.000000   -0.000000   -0.000000   -0.000000   -0.000000   -0.000000   -0.000000   -0.000000   -0.000000   -0.000000   -0.000000   -0.000000   -0.000000   -0.000000   -0.000000   -0.000010   -0.000000   -0.000010   -0.000010   -0.000029   -0.000059   -0.000098   -0.000196   -0.000343   -0.000618   -0.001069   -0.001815   -0.003021   -0.004934   -0.007877   -0.012361   -0.019002   -0.028645   -0.042301   -0.061244   -0.086917   -0.120889   -0.164828   -0.220284   -0.288561   -0.370514   -0.466328   -0.575307   -0.695686   -0.824599   -0.958045   -1.091049   -1.217921   -1.332620   -1.429248   -1.502519   -1.548283    0.000000    0.000000
    0.000000    0.000000   -0.000000   -0.000000   -0.000000   -0.000000   -0.000000   -0.000000   -0.000000   -0.000000   -0.000000   -0.000000   -0.000000   -0.000000   -0.000000   -0.000000   -0.000000   -0.000000   -0.000000   -0.000000   -0.000000   -0.000000   -0.000000   -0.000000   -0.000000   -0.000000   -0.000000   -0.000000   -0.000000   -0.000000   -0.000000   -0.000010   -0.000020   -0.000029   -0.000059   -0.000108   -0.000206   -0.000363   -0.000647   -0.001118   -0.001903   -0.003178   -0.005180   -0.008299   -0.013008   -0.020012   -0.030146   -0.044528   -0.064462   -0.091459   -0.127226   -0.173460   -0.231830   -0.303688   -0.389938   -0.490785   -0.605463   -0.732150   -0.867822   -1.008262   -1.148241   -1.281755   -1.402467   -1.504148   -1.581274   -1.629431    0.000000    0.000000
    0.000000    0.000000   -0.000000   -0.000000   -0.000000   -0.000000   -0.000000   -0.000000   -0.000000   -0.000000   -0.000000   -0.000000   -0.000000   -0.000000   -0.000000   -0.000000   -0.000000   -0.000000   -0.000000   -0.000000   -0.000000   -0.000000   -0.000000   -0.000000   -0.000000   -0.000000   -0.000000   -0.000000   -0.000000   -0.000000   -0.000010   -0.000000   -0.000020   -0.000029   -0.000059   -0.000118   -0.000206   -0.000373   -0.000657   -0.001138   -0.001942   -0.003227   -0.005258   -0.008437   -0.013224   -0.020317   -0.030607   -0.045214   -0.065462   -0.092891   -0.129217   -0.176178   -0.235440   -0.308417   -0.396020   -0.498427   -0.614901   -0.743569   -0.881350   -1.023987   -1.166144   -1.301738   -1.424334   -1.527603   -1.605926   -1.654829    0.000000    0.000000
    0.000000    0.000000   -0.000000   -0.000000   -0.000000   -0.000000   -0.000000   -0.000000   -0.000000   -0.000000   -0.000000   -0.000000   -0.000000   -0.000000   -0.000000   -0.000000   -0.000000   -0.000000   -0.000000   -0.000000   -0.000000   -0.000000   -0.000000   -0.000000   -0.000000   -0.000000   -0.000000   -0.000000   -0.000000   -0.000000   -0.000010   -0.000010   -0.000010   -0.000039   -0.000059   -0.000108   -0.000196   -0.000363   -0.000647   -0.001109   -0.001893   -0.003139   -0.005140   -0.008221   -0.012890   -0.019806   -0.029852   -0.044096   -0.063843   -0.090605   -0.126019   -0.171822   -0.229623   -0.300794   -0.386239   -0.486105   -0.599705   -0.725194   -0.859582   -0.998687   -1.137332   -1.269581   -1.389135   -1.489864   -1.566255   -1.613951    0.000000    0.000000
    0.000000    0.000000   -0.000000   -0.000000   -0.000000   -0.000000   -0.000000   -0.000000   -0.000000   -0.000000   -0.000000   -0.000000   -0.000000   -0.000000   -0.000000   -0.000000   -0.000000   -0.000000   -0.000000   -0.000000   -0.000000   -0.000000   -0.000000   -0.000000   -0.000000   -0.000000   -0.000000   -0.000000   -0.000000   -0.000000   -0.000000   -0.000010   -0.000010   -0.000029   -0.000049   -0.000098   -0.000186   -0.000343   -0.000589   -0.001030   -0.001756   -0.002923   -0.004777   -0.007632   -0.011978   -0.018423   -0.027762   -0.040996   -0.059341   -0.084219   -0.117141   -0.159707   -0.213446   -0.279605   -0.359026   -0.451868   -0.557453   -0.674104   -0.799025   -0.928330   -1.057214   -1.180133   -1.291271   -1.384907   -1.455912   -1.500253    0.000000    0.000000
    0.000000    0.000000   -0.000000   -0.000000   -0.000000   -0.000000   -0.000000   -0.000000   -0.000000   -0.000000   -0.000000   -0.000000   -0.000000   -0.000000   -0.000000   -0.000000   -0.000000   -0.000000   -0.000000   -0.000000   -0.000000   -0.000000   -0.000000   -0.000000   -0.000000   -0.000000   -0.000000   -0.000000   -0.000000   -0.000000   -0.000000   -0.000000   -0.000020   -0.000020   -0.000049   -0.000088   -0.000167   -0.000294   -0.000520   -0.000912   -0.001530   -0.002560   -0.004179   -0.006681   -0.010487   -0.016118   -0.024280   -0.035865   -0.051915   -0.073673   -0.102475   -0.139724   -0.186724   -0.244603   -0.314077   -0.395304   -0.487665   -0.589718   -0.698992   -0.812111   -0.924857   -1.032395   -1.129631   -1.211535   -1.273642   -1.312431    0.000000    0.000000
    0.000000    0.000000   -0.000000   -0.000000   -0.000000   -0.000000   -0.000000   -0.000000   -0.000000   -0.000000   -0.000000   -0.000000   -0.000000   -0.000000   -0.000000   -0.000000   -0.000000   -0.000000   -0.000000   -0.000000   -0.000000   -0.000000   -0.000000   -0.000000   -0.000000   -0.000000   -0.000000   -0.000000   -0.000010   -0.000000   -0.000000   -0.000010   -0.000010   -0.000020   -0.000039   -0.000069   -0.000137   -0.000235   -0.000422   -0.000736   -0.001236   -0.002060   -0.003365   -0.005376   -0.008427   -0.012959   -0.019512   -0.028832   -0.041742   -0.059233   -0.082394   -0.112334   -0.150122   -0.196661   -0.252519   -0.317824   -0.392096   -0.474137   -0.561995   -0.652944   -0.743588   -0.830063   -0.908229   -0.974074   -1.024017   -1.055203    0.000000    0.000000
    0.000000    0.000000   -0.000000   -0.000000   -0.000000   -0.000000   -0.000000   -0.000000   -0.000000   -0.000000   -0.000000   -0.000000   -0.000000   -0.000000   -0.000000   -0.000000   -0.000000   -0.000000   -0.000000   -0.000000   -0.000000   -0.000000   -0.000000   -0.000000   -0.000000   -0.000000   -0.000000   -0.000000   -0.000010   -0.000000   -0.000000   -0.000010   -0.000000   -0.000010   -0.000020   -0.000049   -0.000088   -0.000167   -0.000294   -0.000510   -0.000873   -0.001442   -0.002354   -0.003767   -0.005896   -0.009074   -0.013675   -0.020199   -0.029244   -0.041496   -0.057732   -0.078696   -0.105183   -0.137791   -0.176914   -0.222667   -0.274709   -0.332186   -0.393744   -0.457470   -0.520970   -0.581556   -0.636316   -0.682452   -0.717445   -0.739301    0.000000    0.000000
    0.000000    0.000000   -0.000000   -0.000000   -0.000000   -0.000000   -0.000000   -0.000000   -0.000000   -0.000000   -0.000000   -0.000000   -0.000000   -0.000000   -0.000000   -0.000000   -0.000000   -0.000000   -0.000000   -0.000000   -0.000000   -0.000000   -0.000000   -0.000000   -0.000000   -0.000000   -0.000000   -0.000000   -0.000000   -0.000000   -0.000000   -0.000000   -0.000010   -0.000010   -0.000020   -0.000029   -0.000039   -0.000088   -0.000157   -0.000255   -0.000441   -0.000736   -0.001207   -0.001942   -0.003041   -0.004670   -0.007053   -0.010408   -0.015068   -0.021376   -0.029734   -0.040545   -0.054181   -0.070985   -0.091135   -0.114699   -0.141499   -0.171116   -0.202822   -0.235646   -0.268362   -0.299568   -0.327782   -0.351551   -0.369572   -0.380834    0.000000    0.000000
    0.000000    0.000000    0.000000    0.000000    0.000000    0.000000    0.000000    0.000000    0.000000    0.000000    0.000000    0.000000    0.000000    0.000000    0.000000    0.000000    0.000000    0.000000    0.000000    0.000000    0.000000    0.000000    0.000000    0.000000    0.000000    0.000000    0.000000    0.000000    0.000000    0.000000    0.000000    0.000000    0.000000    0.000000    0.000000    0.000000    0.000000    0.000000    0.000000    0.000000    0.000000    0.000000    0.000000    0.000000    0.000000    0.000000    0.000000    0.000000    0.000000    0.000000    0.000000    0.000000    0.000000    0.000000    0.000000    0.000000    0.000000    0.000000    0.000000    0.000000    0.000000    0.000000    0.000000    0.000000    0.000000    0.000000    0.000000    0.000000
    0.000000    0.000000    0.000000    0.000000    0.000000    0.000000    0.000000    0.000000    0.000000    0.000000    0.000000    0.000000    0.000000    0.000000    0.000000    0.000000    0.000000    0.000000    0.000000    0.000000    0.000000    0.000000    0.000000    0.000000    0.000000    0.000000    0.000000    0.000000    0.000000    0.000000    0.000000    0.000000    0.000000    0.000000    0.000000    0.000000    0.000000    0.000000    0.000000    0.000000    0.000000    0.000000    0.000000    0.000000    0.000000    0.000000    0.000000    0.000000    0.000000    0.000000    0.000000    0.000000    0.000000    0.000000    0.000000    0.000000    0.000000    0.000000    0.000000    0.000000    0.000000    0.000000    0.000000    0.000000    0.000000    0.000000    0.000000    0.000000
    0.000000    0.000000    0.000000    0.000000    0.000000    0.000000    0.000000    0.000000    0.000000    0.000000    0.000000    0.000000    0.000000    0.000000    0.000000    0.000000    0.000000    0.000000    0.000000    0.000000    0.000000    0.000000    0.000000    0.000000    0.000000    0.000000    0.000000    0.000000    0.000000    0.000000    0.000000    0.000000    0.000000    0.000000    0.000000    0.000000    0.000000    0.000000    0.000000    0.000000    0.000000    0.000000    0.000000    0.000000    0.000000    0.000000    0.000000    0.000000    0.000000    0.000000    0.000000    0.000000    0.000000    0.000000    0.000000    0.000000    0.000000    0.000000    0.000000    0.000000    0.000000    0.000000    0.000000    0.000000    0.000000    0.000000    0.000000    0.000000
    0.000000    0.000000    0.000000    0.000000    0.000000    0.000000    0.000000    0.000000    0.000000    0.000000    0.000000    0.000000    0.000000    0.000000    0.000000    0.000000    0.000000    0.000000    0.000000    0.000000    0.000000    0.000000    0.000000    0.000000    0.000000    0.000000    0.000000    0.000000    0.000000    0.000000    0.000000    0.000000    0.000000    0.000000    0.000000    0.000000    0.000000    0.000000    0.000000    0.000000    0.000000    0.000000    0.000000    0.000000    0.000000    0.000000    0.000000    0.000000    0.000000    0.000000    0.000000    0.000000    0.000000    0.000000    0.000000    0.000000    0.000000    0.000000    0.000000    0.000000    0.000000    0.000000    0.000000    0.000000    0.000000    0.000000    0.000000    0.000000
    0.000000    0.000000   -0.000000   -0.000000   -0.000000   -0.000000   -0.000000   -0.000000   -0.000000   -0.000000   -0.000000   -0.000000   -0.000000   -0.000000   -0.000000   -0.000000   -0.000000   -0.000000   -0.000000   -0.000000   -0.000000   -0.000000   -0.000000   -0.000000   -0.000000   -0.000000   -0.000000   -0.000000   -0.000000   -0.000000   -0.000000   -0.000010   -0.000000   -0.000010   -0.000010   -0.000020   -0.000029   -0.000059   -0.000108   -0.000186   -0.000314   -0.000530   -0.000863   -0.001383   -0.002178   -0.003345   -0.005042   -0.007456   -0.010791   -0.015323   -0.021307   -0.029047   -0.038818   -0.050855   -0.065295   -0.082188   -0.101386   -0.122605   -0.145325   -0.168840   -0.192286   -0.214643   -0.234851   -0.251891   -0.264792   -0.272855    0.000000    0.000000
    0.000000    0.000000   -0.000000   -0.000000   -0.000000   -0.000000   -0.000000   -0.000000   -0.000000   -0.000000   -0.000000   -0.000000   -0.000000   -0.000000   -0.000000   -0.000000   -0.000000   -0.000000   -0.000000   -0.000000   -0.000000   -0.000000   -0.000000   -0.000000   -0.000000   -0.000000   -0.000000   -0.000000   -0.000000   -0.000000   -0.000000   -0.000010   -0.000000   -0.000020   -0.000020   -0.000039   -0.000069   -0.000137   -0.000245   -0.000422   -0.000716   -0.001207   -0.001962   -0.003139   -0.004934   -0.007573   -0.011419   -0.016863   -0.024417   -0.034649   -0.048197   -0.065707   -0.087819   -0.115042   -0.147709   -0.185919   -0.229358   -0.277348   -0.328753   -0.381952   -0.434975   -0.485556   -0.531280   -0.569804   -0.599008   -0.617255    0.000000    0.000000
    0.000000    0.000000   -0.000000   -0.000000   -0.000000   -0.000000   -0.000000   -0.000000   -0.000000   -0.000000   -0.000000   -0.000000   -0.000000   -0.000000   -0.000000   -0.000000   -0.000000   -0.000000   -0.000000   -0.000000   -0.000000   -0.000000   -0.000000   -0.000000   -0.000000   -0.000000   -0.000000   -0.000000   -0.000000   -0.000000   -0.000000   -0.000000   -0.000010   -0.000010   -0.000029   -0.000049   -0.000098   -0.000177   -0.000314   -0.000530   -0.000903   -0.001501   -0.002443   -0.003914   -0.006141   -0.009437   -0.014225   -0.021003   -0.030401   -0.043135   -0.059998   -0.081806   -0.109332   -0.143216   -0.183898   -0.231447   -0.285540   -0.345283   -0.409273   -0.475510   -0.541512   -0.604482   -0.661410   -0.709361   -0.745737   -0.768457    0.000000    0.000000
    0.000000    0.000000   -0.000000   -0.000000   -0.000000   -0.000000   -0.000000   -0.000000   -0.000000   -0.000000   -0.000000   -0.000000   -0.000000   -0.000000   -0.000000   -0.000000   -0.000000   -0.000000   -0.000000   -0.000000   -0.000000   -0.000000   -0.000000   -0.000000   -0.000000   -0.000000   -0.000000   -0.000000   -0.000000   -0.000000   -0.000010   -0.000000   -0.000010   -0.000010   -0.000029   -0.000069   -0.000118   -0.000216   -0.000373   -0.000647   -0.001099   -0.001815   -0.002972   -0.004758   -0.007446   -0.011458   -0.017256   -0.025496   -0.036905   -0.052385   -0.072859   -0.099336   -0.132749   -0.173902   -0.223295   -0.281027   -0.346705   -0.419250   -0.496935   -0.577358   -0.657515   -0.733974   -0.803096   -0.861328   -0.905492   -0.933059    0.000000    0.000000
    0.000000    0.000000   -0.000000   -0.000000   -0.000000   -0.000000   -0.000000   -0.000000   -0.000000   -0.000000   -0.000000   -0.000000   -0.000000   -0.000000   -0.000000   -0.000000   -0.000000   -0.000000   -0.000000   -0.000000   -0.000000   -0.000000   -0.000000   -0.000000   -0.000000   -0.000000   -0.000000   -0.000000   -0.000000   -0.000000   -0.000010   -0.000000   -0.000010   -0.000029   -0.000039   -0.000078   -0.000137   -0.000245   -0.000432   -0.000755   -0.001295   -0.002158   -0.003522   -0.005621   -0.008819   -0.013557   -0.020424   -0.030166   -0.043674   -0.061980   -0.086210   -0.117543   -0.157088   -0.205775   -0.264213   -0.332549   -0.410254   -0.496092   -0.588021   -0.683188   -0.778031   -0.868499   -0.950295   -1.019200   -1.071458   -1.104076    0.000000    0.000000
    0.000000    0.000000   -0.000000   -0.000000   -0.000000   -0.000000   -0.000000   -0.000000   -0.000000   -0.000000   -0.000000   -0.000000   -0.000000   -0.000000   -0.000000   -0.000000   -0.000000   -0.000000   -0.000000   -0.000000   -0.000000   -0.000000   -0.000000   -0.000000   -0.000000   -0.000000   -0.000000   -0.000000   -0.000000   -0.000000   -0.000000   -0.000010   -0.000020   -0.000029   -0.000049   -0.000088   -0.000157   -0.000284   -0.000510   -0.000873   -0.001481   -0.002482   -0.004042   -0.006475   -0.010163   -0.015618   -0.023534   -0.034757   -0.050315   -0.071387   -0.099307   -0.135398   -0.180955   -0.237039   -0.304365   -0.383081   -0.472587   -0.571482   -0.677381   -0.787007   -0.896261   -1.000473   -1.094688   -1.174061   -1.234265   -1.271857    0.000000    0.000000
    0.000000    0.000000   -0.000000   -0.000000   -0.000000   -0.000000   -0.000000   -0.000000   -0.000000   -0.000000   -0.000000   -0.000000   -0.000000   -0.000000   -0.000000   -0.000000   -0.000000   -0.000000   -0.000000   -0.000000   -0.000000   -0.000000   -0.000000   -0.000000   -0.000000   -0.000000   -0.000000   -0.000000   -0.000000   -0.000010   -0.000000   -0.000010   -0.000010   -0.000020   -0.000049   -0.000098   -0.000177   -0.000324   -0.000569   -0.000991   -0.001668   -0.002776   -0.004532   -0.007259   -0.011380   -0.017481   -0.026350   -0.038916   -0.056339   -0.079961   -0.111226   -0.151643   -0.202655   -0.265478   -0.340878   -0.429021   -0.529279   -0.640044   -0.758637   -0.881409   -1.003779   -1.120498   -1.226015   -1.314913   -1.382327   -1.424432    0.000000    0.000000
    0.000000    0.000000   -0.000000   -0.000000   -0.000000   -0.000000   -0.000000   -0.000000   -0.000000   -0.000000   -0.000000   -0.000000   -0.000000   -0.000000   -0.000000   -0.000000   -0.000000   -0.000000   -0.000000   -0.000000   -0.000000   -0.000000   -0.000000   -0.000000   -0.000000   -0.000000   -0.000000   -0.000000   -0.000000   -0.000010   -0.000000   -0.000010   -0.000010   -0.000029   -0.000059   -0.000098   -0.000196   -0.000343   -0.000618   -0.001069   -0.001815   -0.003021   -0.004934   -0.007877   -0.012361   -0.019002   -0.028645   -0.042301   -0.061244   -0.086917   -0.120889   -0.164828   -0.220284   -0.288561   -0.370514   -0.466328   -0.575307   -0.695686   -0.824599   -0.958045   -1.091049   -1.217921   -1.332620   -1.429248   -1.502519   -1.548283    0.000000    0.000000
    0.000000    0.000000   -0.000000   -0.000000   -0.000000   -0.000000   -0.000000   -0.000000   -0.000000   -0.000000   -0.000000   -0.000000   -0.000000   -0.000000   -0.000000   -0.000000   -0.000000   -0.000000   -0.000000   -0.000000   -0.000000   -0.000000   -0.000000   -0.000000   -0.000000   -0.000000   -0.000000   -0.000000   -0.000000   -0.000000   -0.000000   -0.000010   -0.000020   -0.000029   -0.000059   -0.000108   -0.000206   -0.000363   -0.000647   -0.001118   -0.001903   -0.003178   -0.005180   -0.008299   -0.013008   -0.020012   -0.030146   -0.044528   -0.064462   -0.091459   -0.127226   -0.173460   -0.231830   -0.303688   -0.389938   -0.490785   -0.605463   -0.732150   -0.867822   -1.008262   -1.148241   -1.281755   -1.402467   -1.504148   -1.581274   -1.629431    0.000000    0.000000
    0.000000    0.000000   -0.000000   -0.000000   -0.000000   -0.000000   -0.000000   -0.000000   -0.000000   -0.000000   -0.000000   -0.000000   -0.000000   -0.000000   -0.000000   -0.000000   -0.000000   -0.000000   -0.000000   -0.000000   -0.000000   -0.000000   -0.000000   -0.000000   -0.000000   -0.000000   -0.000000   -0.000000   -0.000000   -0.000000   -0.000010   -0.000000   -0.000020   -0.000029   -0.000059   -0.000118   -0.000206   -0.000373   -0.000657   -0.001138   -0.001942   -0.003227   -0.005258   -0.008437   -0.013224   -0.020317   -0.030607   -0.045214   -0.065462   -0.092891   -0.129217   -0.176178   -0.235440   -0.308417   -0.396020   -0.498427   -0.614901   -0.743569   -0.881350   -1.023987   -1.166144   -1.301738   -1.424334   -1.527603   -1.605926   -1.654829    0.000000    0.000000
    0.000000    0.000000   -0.000000   -0.000000   -0.000000   -0.000000   -0.000000   -0.000000   -0.000000   -0.000000   -0.000000   -0.000000   -0.000000   -0.000000   -0.000000   -0.000000   -0.000000   -0.000000   -0.000000   -0.000000   -0.000000   -0.000000   -0.000000   -0.000000   -0.000000   -0.000000   -0.000000   -0.000000   -0.000000   -0.000000   -0.000010   -0.000010   -0.000010   -0.000039   -0.000059   -0.000108   -0.000196   -0.000363   -0.000647   -0.001109   -0.001893   -0.003139   -0.005140   -0.008221   -0.012890   -0.019806   -0.029852   -0.044096   -0.063843   -0.090605   -0.126019   -0.171822   -0.229623   -0.300794   -0.386239   -0.486105   -0.599705   -0.725194   -0.859582   -0.998687   -1.137332   -1.269581   -1.389135   -1.489864   -1.566255   -1.613951    0.000000    0.000000
    0.000000    0.000000   -0.000000   -0.000000   -0.000000   -0.000000   -0.000000   -0.000000   -0.000000   -0.000000   -0.000000   -0.000000   -0.000000   -0.000000   -0.000000   -0.000000   -0.000000   -0.000000   -0.000000   -0.000000   -0.000000   -0.000000   -0.000000   -0.000000   -0.000000   -0.000000   -0.000000   -0.000000   -0.000000   -0.000000   -0.000000   -0.000010   -0.000010   -0.000029   -0.000049   -0.000098   -0.000186   -0.000343   -0.000589   -0.001030   -0.001756   -0.002923   -0.004777   -0.007632   -0.011978   -0.018423   -0.027762   -0.040996   -0.059341   -0.084219   -0.117141   -0.159707   -0.213446   -0.279605   -0.359026   -0.451868   -0.557453   -0.674104   -0.799025   -0.928330   -1.057214   -1.180133   -1.291271   -1.384907   -1.455912   -1.500253    0.000000    0.000000
    0.000000    0.000000   -0.000000   -0.000000   -0.000000   -0.000000   -0.000000   -0.000000   -0.000000   -0.000000   -0.000000   -0.000000   -0.000000   -0.000000   -0.000000   -0.000000   -0.000000   -0.000000   -0.000000   -0.000000   -0.000000   -0.000000   -0.000000   -0.000000   -0.000000   -0.000000   -0.000000   -0.000000   -0.000000   -0.000000   -0.000000   -0.000000   -0.000020   -0.000020   -0.000049   -0.000088   -0.000167   -0.000294   -0.000520   -0.000912   -0.001530   -0.002560   -0.004179   -0.006681   -0.010487   -0.016118   -0.024280   -0.035865   -0.051915   -0.073673   -0.102475   -0.139724   -0.186724   -0.244603   -0.314077   -0.395304   -0.487665   -0.589718   -0.698992   -0.812111   -0.924857   -1.032395   -1.129631   -1.211535   -1.273642   -1.312431    0.000000    0.000000
    0.000000    0.000000   -0.000000   -0.000000   -0.000000   -0.000000   -0.000000   -0.000000   -0.000000   -0.000000   -0.000000   -0.000000   -0.000000   -0.000000   -0.000000   -0.000000   -0.000000   -0.000000   -0.000000   -0.000000   -0.000000   -0.000000   -0.000000   -0.000000   -0.000000   -0.000000   -0.000000   -0.000000   -0.000010   -0.000000   -0.000000   -0.000010   -0.000010   -0.000020   -0.000039   -0.000069   -0.000137   -0.000235   -0.000422   -0.000736   -0.001236   -0.002060   -0.003365   -0.005376   -0.008427   -0.012959   -0.019512   -0.028832   -0.041742   -0.059233   -0.082394   -0.112334   -0.150122   -0.196661   -0.252519   -0.317824   -0.392096   -0.474137   -0.561995   -0.652944   -0.743588   -0.830063   -0.908229   -0.974074   -1.024017   -1.055203    0.000000    0.000000
    0.000000    0.000000   -0.000000   -0.000000   -0.000000   -0.000000   -0.000000   -0.000000   -0.000000   -0.000000   -0.000000   -0.000000   -0.000000   -0.000000   -0.000000   -0.000000   -0.000000   -0.000000   -0.000000   -0.000000   -0.000000   -0.000000   -0.000000   -0.000000   -0.000000   -0.000000   -0.000000   -0.000000   -0.000010   -0.000000   -0.000000   -0.000010   -0.000000   -0.000010   -0.000020   -0.000049   -0.000088   -0.000167   -0.000294   -0.000510   -0.000873   -0.001442   -0.002354   -0.003767   -0.005896   -0.009074   -0.013675   -0.020199   -0.029244   -0.041496   -0.057732   -0.078696   -0.105183   -0.137791   -0.176914   -0.222667   -0.274709   -0.332186   -0.393744   -0.457470   -0.520970   -0.581556   -0.636316   -0.682452   -0.717445   -0.739301    0.000000    0.000000
    0.000000    0.000000   -0.000000   -0.000000   -0.000000   -0.000000   -0.000000   -0.000000   -0.000000   -0.000000   -0.000000   -0.000000   -0.000000   -0.000000   -0.000000   -0.000000   -0.000000   -0.000000   -0.000000   -0.000000   -0.000000   -0.000000   -0.000000   -0.000000   -0.000000   -0.000000   -0.000000   -0.000000   -0.000000   -0.000000   -0.000000   -0.000000   -0.000010   -0.000010   -0.000020   -0.000029   -0.000039   -0.000088   -0.000157   -0.000255   -0.000441   -0.000736   -0.001207   -0.001942   -0.003041   -0.004670   -0.007053   -0.010408   -0.015068   -0.021376   -0.029734   -0.040545   -0.054181   -0.070985   -0.091135   -0.114699   -0.141499   -0.171116   -0.202822   -0.235646   -0.268362   -0.299568   -0.327782   -0.351551   -0.369572   -0.380834    0.000000    0.000000
    0.000000    0.000000    0.000000    0.000000    0.000000    0.000000    0.000000    0.000000    0.000000    0.000000    0.000000    0.000000    0.000000    0.000000    0.000000    0.000000    0.000000    0.000000    0.000000    0.000000    0.000000    0.000000    0.000000    0.000000    0.000000    0.000000    0.000000    0.000000    0.000000    0.000000    0.000000    0.000000    0.000000    0.000000    0.000000    0.000000    0.000000    0.000000    0.000000    0.000000    0.000000    0.000000    0.000000    0.000000    0.000000    0.000000    0.000000    0.000000    0.000000    0.000000    0.000000    0.000000    0.000000    0.000000    0.000000    0.000000    0.000000    0.000000    0.000000    0.000000    0.000000    0.000000    0.000000    0.000000    0.000000    0.000000    0.000000    0.000000
    0.000000    0.000000    0.000000    0.000000    0.000000    0.000000    0.000000    0.000000    0.000000    0.000000    0.000000    0.000000    0.000000    0.000000    0.000000    0.000000    0.000000    0.000000    0.000000    0.000000    0.000000    0.000000    0.000000    0.000000    0.000000    0.000000    0.000000    0.000000    0.000000    0.000000    0.000000    0.000000    0.000000    0.000000    0.000000    0.000000    0.000000    0.000000    0.000000    0.000000    0.000000    0.000000    0.000000    0.000000    0.000000    0.000000    0.000000    0.000000    0.000000    0.000000    0.000000    0.000000    0.000000    0.000000    0.000000    0.000000    0.000000    0.000000    0.000000    0.000000    0.000000    0.000000    0.000000    0.000000    0.000000    0.000000    0.000000    0.000000
    0.000000    0.000000    0.000000    0.000000    0.000000    0.000000    0.000000    0.000000    0.000000    0.000000    0.000000    0.000000    0.000000    0.000000    0.000000    0.000000    0.000000    0.000000    0.000000    0.000000    0.000000    0.000000    0.000000    0.000000    0.000000    0.000000    0.000000    0.000000    0.000000    0.000000    0.000000    0.000000    0.000000    0.000000    0.000000    0.000000    0.000000    0.000000    0.000000    0.000000    0.000000    0.000000    0.000000    0.000000    0.000000    0.000000    0.000000    0.000000    0.000000    0.000000    0.000000    0.000000    0.000000    0.000000    0.000000    0.000000    0.000000    0.000000    0.000000    0.000000    0.000000    0.000000    0.000000    0.000000    0.000000    0.000000    0.000000    0.000000
    0.000000    0.000000    0.000000    0.000000    0.000000    0.000000    0.000000    0.000000    0.000000    0.000000    0.000000    0.000000    0.000000    0.000000    0.000000    0.000000    0.000000    0.000000    0.000000    0.000000    0.000000    0.000000    0.000000    0.000000    0.000000    0.000000    0.000000    0.000000    0.000000    0.000000    0.000000    0.000000    0.000000    0.000000    0.000000    0.000000    0.000000    0.000000    0.000000    0.000000    0.000000    0.000000    0.000000    0.000000    0.000000    0.000000    0.000000    0.000000    0.000000    0.000000    0.000000    0.000000    0.000000    0.000000    0.000000    0.000000    0.000000    0.000000    0.000000    0.000000    0.000000    0.000000    0.000000    0.000000    0.000000    0.000000    0.000000    0.000000
    0.000000    0.000000   -0.000000   -0.000000   -0.000000   -0.000000   -0.000000   -0.000000   -0.000000   -0.000000   -0.000000   -0.000000   -0.000000   -0.000000   -0.000000   -0.000000   -0.000000   -0.000000   -0.000000   -0.000000   -0.000000   -0.000000   -0.000000   -0.000000   -0.000000   -0.000000   -0.000000   -0.000000   -0.000000   -0.000000   -0.000000   -0.000010   -0.000000   -0.000010   -0.000010   -0.000020   -0.000029   -0.000059   -0.000108   -0.000186   -0.000314   -0.000530   -0.000863   -0.001383   -0.002178   -0.003345   -0.005042   -0.007456   -0.010791   -0.015323   -0.021307   -0.029047   -0.038818   -0.050855   -0.065295   -0.082188   -0.101386   -0.122605   -0.145325   -0.168840   -0.192286   -0.214643   -0.234851   -0.251891   -0.264792   -0.272855    0.000000    0.000000
    0.000000    0.000000   -0.000000   -0.000000   -0.000000   -0.000000   -0.000000   -0.000000   -0.000000   -0.000000   -0.000000   -0.000000   -0.000000   -0.000000   -0.000000   -0.000000   -0.000000   -0.000000   -0.000000   -0.000000   -0.000000   -0.000000   -0.000000   -0.000000   -0.000000   -0.000000   -0.000000   -0.000000   -0.000000   -0.000000   -0.000000   -0.000010   -0.000000   -0.000020   -0.000020   -0.000039   -0.000069   -0.000137   -0.000245   -0.000422   -0.000716   -0.001207   -0.001962   -0.003139   -0.004934   -0.007573   -0.011419   -0.016863   -0.024417   -0.034649   -0.048197   -0.065707   -0.087819   -0.115042   -0.147709   -0.185919   -0.229358   -0.277348   -0.328753   -0.381952   -0.434975   -0.485556   -0.531280   -0.569804   -0.599008   -0.617255    0.000000    0.000000
    0.000000    0.000000   -0.000000   -0.000000   -0.000000   -0.000000   -0.000000   -0.000000   -0.000000   -0.000000   -0.000000   -0.000000   -0.000000   -0.000000   -0.000000   -0.000000   -0.000000   -0.000000   -0.000000   -0.000000   -0.000000   -0.000000   -0.000000   -0.000000   -0.000000   -0.000000   -0.000000   -0.000000   -0.000000   -0.000000   -0.000000   -0.000000   -0.000010   -0.000010   -0.000029   -0.000049   -0.000098   -0.000177   -0.000314   -0.000530   -0.000903   -0.001501   -0.002443   -0.003914   -0.006141   -0.009437   -0.014225   -0.021003   -0.030401   -0.043135   -0.059998   -0.081806   -0.109332   -0.143216   -0.183898   -0.231447   -0.285540   -0.345283   -0.409273   -0.475510   -0.541512   -0.604482   -0.661410   -0.709361   -0.745737   -0.768457    0.000000    0.000000
    0.000000    0.000000   -0.000000   -0.000000   -0.000000   -0.000000   -0.000000   -0.000000   -0.000000   -0.000000   -0.000000   -0.000000   -0.000000   -0.000000   -0.000000   -0.000000   -0.000000   -0.000000   -0.000000   -0.000000   -0.000000   -0.000000   -0.000000   -0.000000   -0.000000   -0.000000   -0.000000   -0.000000   -0.000000   -0.000000   -0.000010   -0.000000   -0.000010   -0.000010   -0.000029   -0.000069   -0.000118   -0.000216   -0.000373   -0.000647   -0.001099   -0.001815   -0.002972   -0.004758   -0.007446   -0.011458   -0.017256   -0.025496   -0.036905   -0.052385   -0.072859   -0.099336   -0.132749   -0.173902   -0.223295   -0.281027   -0.346705   -0.419250   -0.496935   -0.577358   -0.657515   -0.733974   -0.803096   -0.861328   -0.905492   -0.933059    0.000000    0.000000
    0.000000    0.000000   -0.000000   -0.000000   -0.000000   -0.000000   -0.000000   -0.000000   -0.000000   -0.000000   -0.000000   -0.000000   -0.000000   -0.000000   -0.000000   -0.000000   -0.000000   -0.000000   -0.000000   -0.000000   -0.000000   -0.000000   -0.000000   -0.000000   -0.000000   -0.000000   -0.000000   -0.000000   -0.000000   -0.000000   -0.000010   -0.000000   -0.000010   -0.000029   -0.000039   -0.000078   -0.000137   -0.000245   -0.000432   -0.000755   -0.001295   -0.002158   -0.003522   -0.005621   -0.008819   -0.013557   -0.020424   -0.030166   -0.043674   -0.061980   -0.086210   -0.117543   -0.157088   -0.205775   -0.264213   -0.332549   -0.410254   -0.496092   -0.588021   -0.683188   -0.778031   -0.868499   -0.950295   -1.019200   -1.071458   -1.104076    0.000000    0.000000
    0.000000    0.000000   -0.000000   -0.000000   -0.000000   -0.000000   -0.000000   -0.000000   -0.000000   -0.000000   -0.000000   -0.000000   -0.000000   -0.000000   -0.000000   -0.000000   -0.000000   -0.000000   -0.000000   -0.000000   -0.000000   -0.000000   -0.000000   -0.000000   -0.000000   -0.000000   -0.000000   -0.000000   -0.000000   -0.000000   -0.000000   -0.000010   -0.000020   -0.000029   -0.000049   -0.000088   -0.000157   -0.000284   -0.000510   -0.000873   -0.001481   -0.002482   -0.004042   -0.006475   -0.010163   -0.015618   -0.023534   -0.034757   -0.050315   -0.071387   -0.099307   -0.135398   -0.180955   -0.237039   -0.304365   -0.383081   -0.472587   -0.571482   -0.677381   -0.787007   -0.896261   -1.000473   -1.094688   -1.174061   -1.234265   -1.271857    0.000000    0.000000
    0.000000    0.000000   -0.000000   -0.000000   -0.000000   -0.000000   -0.000000   -0.000000   -0.000000   -0.000000   -0.000000   -0.000000   -0.000000   -0.000000   -0.000000   -0.000000   -0.000000   -0.000000   -0.000000   -0.000000   -0.000000   -0.000000   -0.000000   -0.000000   -0.000000   -0.000000   -0.000000   -0.000000   -0.000000   -0.000010   -0.000000   -0.000010   -0.000010   -0.000020   -0.000049   -0.000098   -0.000177   -0.000324   -0.000569   -0.000991   -0.001668   -0.002776   -0.004532   -0.007259   -0.011380   -0.017481   -0.026350   -0.038916   -0.056339   -0.079961   -0.111226   -0.151643   -0.202655   -0.265478   -0.340878   -0.429021   -0.529279   -0.640044   -0.758637   -0.881409   -1.003779   -1.120498   -1.226015   -1.314913   -1.382327   -1.424432    0.000000    0.000000
    0.000000    0.000000   -0.000000   -0.000000   -0.000000   -0.000000   -0.000000   -0.000000   -0.000000   -0.000000   -0.000000   -0.000000   -0.000000   -0.000000   -0.000000   -0.000000   -0.000000   -0.000000   -0.000000   -0.000000   -0.000000   -0.000000   -0.000000   -0.000000   -0.000000   -0.000000   -0.000000   -0.000000   -0.000000   -0.000010   -0.000000   -0.000010   -0.000010   -0.000029   -0.000059   -0.000098   -0.000196   -0.000343   -0.000618   -0.001069   -0.001815   -0.003021   -0.004934   -0.007877   -0.012361   -0.019002   -0.028645   -0.042301   -0.061244   -0.086917   -0.120889   -0.164828   -0.220284   -0.288561   -0.370514   -0.466328   -0.575307   -0.695686   -0.824599   -0.958045   -1.091049   -1.217921   -1.332620   -1.429248   -1.502519   -1.548283    0.000000    0.000000
    0.000000    0.000000   -0.000000   -0.000000   -0.000000   -0.000000   -0.000000   -0.000000   -0.000000   -0.000000   -0.000000   -0.000000   -0.000000   -0.000000   -0.000000   -0.000000   -0.000000   -0.000000   -0.000000   -0.000000   -0.000000   -0.000000   -0.000000   -0.000000   -0.000000   -0.000000   -0.000000   -0.000000   -0.000000   -0.000000   -0.000000   -0.000010   -0.000020   -0.000029   -0.000059   -0.000108   -0.000206   -0.000363   -0.000647   -0.001118   -0.001903   -0.003178   -0.005180   -0.008299   -0.013008   -0.020012   -0.030146   -0.044528   -0.064462   -0.091459   -0.127226   -0.173460   -0.231830   -0.303688   -0.389938   -0.490785   -0.605463   -0.732150   -0.867822   -1.008262   -1.148241   -1.281755   -1.402467   -1.504148   -1.581274   -1.629431    0.000000    0.000000
    0.000000    0.000000   -0.000000   -0.000000   -0.000000   -0.000000   -0.000000   -0.000000   -0.000000   -0.000000   -0.000000   -0.000000   -0.000000   -0.000000   -0.000000   -0.000000   -0.000000   -0.000000   -0.000000   -0.000000   -0.000000   -0.000000   -0.000000   -0.000000   -0.000000   -0.000000   -0.000000   -0.000000   -0.000000   -0.000000   -0.000010   -0.000000   -0.000020   -0.000029   -0.000059   -0.000118   -0.000206   -0.000373   -0.000657   -0.001138   -0.001942   -0.003227   -0.005258   -0.008437   -0.013224   -0.020317   -0.030607   -0.045214   -0.065462   -0.092891   -0.129217   -0.176178   -0.235440   -0.308417   -0.396020   -0.498427   -0.614901   -0.743569   -0.881350   -1.023987   -1.166144   -1.301738   -1.424334   -1.527603   -1.605926   -1.654829    0.000000    0.000000
    0.000000    0.000000   -0.000000   -0.000000   -0.000000   -0.000000   -0.000000   -0.000000   -0.000000   -0.000000   -0.000000   -0.000000   -0.000000   -0.000000   -0.000000   -0.000000   -0.000000   -0.000000   -0.000000   -0.000000   -0.000000   -0.000000   -0.000000   -0.000000   -0.000000   -0.000000   -0.000000   -0.000000   -0.000000   -0.000000   -0.000010   -0.000010   -0.000010   -0.000039   -0.000059   -0.000108   -0.000196   -0.000363   -0.000647   -0.001109   -0.001893   -0.003139   -0.005140   -0.008221   -0.012890   -0.019806   -0.029852   -0.044096   -0.063843   -0.090605   -0.126019   -0.171822   -0.229623   -0.300794   -0.386239   -0.486105   -0.599705   -0.725194   -0.859582   -0.998687   -1.137332   -1.269581   -1.389135   -1.489864   -1.566255   -1.613951    0.000000    0.000000
    0.000000    0.000000   -0.000000   -0.000000   -0.000000   -0.000000   -0.000000   -0.000000   -0.000000   -0.000000   -0.000000   -0.000000   -0.000000   -0.000000   -0.000000   -0.000000   -0.000000   -0.000000   -0.000000   -0.000000   -0.000000   -0.000000   -0.000000   -0.000000   -0.000000   -0.000000   -0.000000   -0.000000   -0.000000   -0.000000   -0.000000   -0.000010   -0.000010   -0.000029   -0.000049   -0.000098   -0.000186   -0.000343   -0.000589   -0.001030   -0.001756   -0.002923   -0.004777   -0.007632   -0.011978   -0.018423   -0.027762   -0.040996   -0.059341   -0.084219   -0.117141   -0.159707   -0.213446   -0.279605   -0.359026   -0.451868   -0.557453   -0.674104   -0.799025   -0.928330   -1.057214   -1.180133   -1.291271   -1.384907   -1.455912   -1.500253    0.000000    0.000000
    0.000000    0.000000   -0.000000   -0.000000   -0.000000   -0.000000   -0.000000   -0.000000   -0.000000   -0.000000   -0.000000   -0.000000   -0.000000   -0.000000   -0.000000   -0.000000   -0.000000   -0.000000   -0.000000   -0.000000   -0.000000   -0.000000   -0.000000   -0.000000   -0.000000   -0.000000   -0.000000   -0.000000   -0.000000   -0.000000   -0.000000   -0.000000   -0.000020   -0.000020   -0.000049   -0.000088   -0.000167   -0.000294   -0.000520   -0.000912   -0.001530   -0.002560   -0.004179   -0.006681   -0.010487   -0.016118   -0.024280   -0.035865   -0.051915   -0.073673   -0.102475   -0.139724   -0.186724   -0.244603   -0.314077   -0.395304   -0.487665   -0.589718   -0.698992   -0.812111   -0.924857   -1.032395   -1.129631   -1.211535   -1.273642   -1.312431    0.000000    0.000000
    0.000000    0.000000   -0.000000   -0.000000   -0.000000   -0.000000   -0.000000   -0.000000   -0.000000   -0.000000   -0.000000   -0.000000   -0.000000   -0.000000   -0.000000   -0.000000   -0.000000   -0.000000   -0.000000   -0.000000   -0.000000   -0.000000   -0.000000   -0.000000   -0.000000   -0.000000   -0.000000   -0.000000   -0.000010   -0.000000   -0.000000   -0.000010   -0.000010   -0.000020   -0.000039   -0.000069   -0.000137   -0.000235   -0.000422   -0.000736   -0.001236   -0.002060   -0.003365   -0.005376   -0.008427   -0.012959   -0.019512   -0.028832   -0.041742   -0.059233   -0.082394   -0.112334   -0.150122   -0.196661   -0.252519   -0.317824   -0.392096   -0.474137   -0.561995   -0.652944   -0.743588   -0.830063   -0.908229   -0.974074   -1.024017   -1.055203    0.000000    0.000000
    0.000000    0.000000   -0.000000   -0.000000   -0.000000   -0.000000   -0.000000   -0.000000   -0.000000   -0.000000   -0.000000   -0.000000   -0.000000   -0.000000   -0.000000   -0.000000   -0.000000   -0.000000   -0.000000   -0.000000   -0.000000   -0.000000   -0.000000   -0.000000   -0.000000   -0.000000   -0.000000   -0.000000   -0.000010   -0.000000   -0.000000   -0.000010   -0.000000   -0.000010   -0.000020   -0.000049   -0.000088   -0.000167   -0.000294   -0.000510   -0.000873   -0.001442   -0.002354   -0.003767   -0.005896   -0.009074   -0.013675   -0.020199   -0.029244   -0.041496   -0.057732   -0.078696   -0.105183   -0.137791   -0.176914   -0.222667   -0.274709   -0.332186   -0.393744   -0.457470   -0.520970   -0.581556   -0.636316   -0.682452   -0.717445   -0.739301    0.000000    0.000000
